10
4
6
7
8
9
9
13
7
9
8
10
16
7
11
11
7
17
15
12
10
14
11
9
16
9
3
6
10
11
6
10
5
10
10
17
15
13
10
8
13
9
12
11
10
7
10
7
11
19
6
14
10
4
6
11
8
8
8
9
13
12
7
14
8
12
11
14
14
11
17
11
13
8
3
8
7
10
14
4
6
10
12
11
11
11
7
16
10
7
8
12
11
14
9
14
11
11
9
9
8
11
17
13
10
11
9
10
9
7
13
4
7
7
12
12
10
14
14
11
14
13
8
8
11
3
17
13
8
15
6
8
14
13
8
13
11
11
6
4
23
9
6
16
6
10
11
15
7
14
8
11
16
12
7
9
7
8
12
6
7
15
6
8
3
6
13
10
16
11
8
6
5
8
9
9
11
22
15
11
12
15
9
9
14
11
18
14
9
8
3
13
7
8
9
5
9
8
10
20
9
8
10
4
11
9
13
7
20
11
9
10
21
13
13
10
7
6
12
11
13
9
13
12
11
11
10
20
12
11
6
10
13
11
9
12
15
13
10
12
12
12
10
9
10
12
16
14
10
14
10
14
11
15
11
3
11
13
5
8
12
14
10
10
10
7
10
8
7
11
12
8
19
6
9
7
11
8
13
7
15
13
8
14
15
12
7
14
7
9
8
8
11
15
13
12
9
8
17
15
15
10
9
7
15
11
11
11
11
11
10
10
10
8
9
8
8
14
10
6
7
10
4
12
10
6
6
7
9
6
10
11
14
9
5
13
7
8
11
11
10
16
11
8
7
12
8
8
10
8
8
9
10
7
8
9
11
13
9
15
7
7
6
15
9
8
13
9
8
11
8
7
13
11
8
8
8
8
11
13
10
7
12
7
9
10
14
8
20
7
12
9
10
7
8
13
11
9
10
4
9
14
12
13
9
14
6
9
10
9
12
14
8
11
11
13
16
9
11
7
10
16
8
12
9
6
6
12
5
6
7
11
9
7
13
10
8
11
11
12
6
6
12
7
8
5
9
5
10
8
7
13
11
14
12
8
9
15
10
12
14
12
6
13
9
12
14
12
16
10
10
6
17
6
12
10
6
11
10
9
18
11
10
8
5
8
7
11
8
12
12
6
7
11
11
12
8
10
11
12
8
9
9
10
12
5
4
7
6
15
9
9
14
12
14
9
9
13
8
7
6
8
19
9
8
18
9
13
12
10
9
4
11
11
10
8
11
4
11
11
12
14
11
5
15
11
15
11
13
7
7
7
8
11
13
11
11
6
14
6
13
11
12
11
16
11
11
13
15
10
9
8
5
7
11
9
11
12
8
9
5
7
7
13
4
11
12
11
14
13
19
14
12
12
9
15
10
8
15
10
11
15
12
4
8
5
7
10
10
9
14
12
9
7
11
6
9
8
20
7
10
11
17
8
11
12
12
10
7
7
6
11
9
14
6
15
6
4
12
10
10
12
10
7
15
13
8
15
4
9
11
10
16
13
13
4
14
9
8
10
5
8
4
10
9
10
11
15
7
13
6
9
9
12
13
12
10
9
4
7
9
14
10
10
10
8
9
9
10
8
12
6
13
10
14
9
8
11
12
8
16
14
6
10
3
14
11
11
7
8
11
9
15
8
10
9
16
12
8
6
13
16
7
13
10
18
8
9
7
6
9
9
14
11
7
14
15
10
13
12
5
5
13
10
6
6
6
13
15
8
7
10
8
7
11
12
11
9
8
6
6
8
16
14
15
10
13
6
13
6
8
15
14
9
14
9
8
8
12
13
6
12
6
13
9
7
8
11
7
14
10
9
8
9
10
8
10
10
9
13
9
12
12
6
7
6
14
11
9
12
7
16
9
7
14
6
13
10
6
7
12
10
8
12
9
12
10
10
12
9
16
10
7
20
11
5
8
8
9
12
11
6
7
11
10
11
11
17
13
5
8
10
3
17
8
9
13
8
13
6
8
8
14
5
12
7
12
7
13
12
10
13
9
5
9
11
12
13
8
7
9
7
16
15
11
5
9
14
12
7
12
9
8
13
15
9
11
10
13
7
9
9
12
18
13
11
11
8
7
11
10
12
5
8
10
13
15
13
11
11
13
5
6
14
9
12
11
14
10
12
11
10
10
9
5
8
6
6
6
14
4
10
9
10
10
5
14
13
13
10
11
16
12
7
7
11
8
9
7
12
13
8
11
13
5
7
7
12
7
10
6
11
7
7
9
5
11
3
7
9
8
12
14
8
8
13
9
10
8
13
14
7
11
9
11
15
10
9
11
11
