0.517
0.533
0.505
0.494
0.497
0.507
0.458
0.497
0.531
0.508
0.512
0.486
0.509
0.514
0.527
0.496
0.508
0.471
0.498
0.505
0.486
0.496
0.503
0.503
0.489
0.496
0.511
0.534
0.483
0.508
0.49
0.488
0.489
0.51
0.468
0.503
0.5
0.49
0.517
0.493
0.49
0.498
0.499
0.498
0.482
0.516
0.48
0.512
0.489
0.502
0.484
0.487
0.507
0.52
0.517
0.483
0.518
0.473
0.498
0.53
0.495
0.479
0.482
0.496
0.508
0.498
0.501
0.501
0.505
0.5
0.485
0.499
0.494
0.503
0.519
0.482
0.497
0.516
0.497
0.471
0.506
0.495
0.503
0.517
0.5
0.49
0.488
0.485
0.511
0.508
0.498
0.499
0.537
0.5
0.504
0.516
0.49
0.524
0.495
0.519
0.49
0.479
0.517
0.523
0.507
0.469
0.492
0.529
0.512
0.504
0.512
0.476
0.486
0.486
0.484
0.498
0.492
0.466
0.504
0.511
0.506
0.486
0.503
0.509
0.5
0.512
0.504
0.482
0.517
0.475
0.506
0.52
0.511
0.521
0.509
0.511
0.53
0.485
0.483
0.508
0.489
0.491
0.503
0.522
0.505
0.5
0.508
0.487
0.512
0.506
0.492
0.506
0.483
0.485
0.496
0.508
0.497
0.51
0.496
0.491
0.508
0.531
0.475
0.509
0.491
0.514
0.508
0.475
0.494
0.485
0.504
0.503
0.505
0.518
0.487
0.521
0.493
0.511
0.511
0.506
0.487
0.515
0.485
0.514
0.49
0.494
0.51
0.513
0.488
0.466
0.462
0.487
0.491
0.487
0.481
0.513
0.516
0.516
0.512
0.491
0.512
0.501
0.493
0.465
0.518
0.484
0.523
0.497
0.504
0.509
0.497
0.489
0.521
0.51
0.509
0.467
0.488
0.497
0.517
0.502
0.496
0.51
0.5
0.496
0.492
0.506
0.497
0.505
0.498
0.516
0.517
0.48
0.51
0.494
0.505
0.503
0.461
0.491
0.509
0.52
0.487
0.505
0.488
0.47
0.505
0.517
0.519
0.504
0.513
0.483
0.503
0.5
0.462
0.486
0.512
0.492
0.5
0.498
0.481
0.481
0.475
0.519
0.499
0.52
0.495
0.508
0.51
0.501
0.473
0.499
0.525
0.499
0.496
0.495
0.473
0.491
0.494
0.525
0.506
0.516
0.484
0.481
0.493
0.495
0.494
0.51
0.485
0.516
0.498
0.506
0.508
0.505
0.517
0.493
0.512
0.494
0.514
0.53
0.461
0.503
0.496
0.501
0.487
0.502
0.508
0.483
0.49
0.485
0.494
0.511
0.506
0.475
0.504
0.515
0.501
0.489
0.488
0.51
0.533
0.485
0.503
0.511
0.498
0.476
0.486
0.522
0.495
0.508
0.493
0.478
0.495
0.518
0.513
0.493
0.51
0.499
0.505
0.492
0.503
0.498
0.493
0.504
0.498
0.503
0.502
0.495
0.516
0.499
0.481
0.518
0.499
0.505
0.492
0.524
0.526
0.518
0.515
0.512
0.487
0.5
0.473
0.514
0.495
0.504
0.488
0.495
0.49
0.485
0.49
0.497
0.525
0.523
0.508
0.469
0.51
0.495
0.516
0.519
0.491
0.495
0.489
0.498
0.506
0.479
0.52
0.479
0.501
0.496
0.52
0.505
0.507
0.491
0.503
0.512
0.496
0.488
0.477
0.531
0.522
0.489
0.481
0.506
0.527
0.512
0.494
0.5
0.492
0.497
0.491
0.481
0.505
0.504
0.508
0.5
0.51
0.503
0.517
0.495
0.491
0.485
0.486
0.512
0.517
0.505
0.503
0.528
0.512
0.494
0.512
0.531
0.498
0.509
0.496
0.501
0.492
0.47
0.485
0.521
0.501
0.483
0.5
0.511
0.501
0.514
0.49
0.49
0.5
0.466
0.47
0.51
0.482
0.515
0.497
0.524
0.501
0.512
0.491
0.52
0.483
0.506
0.48
0.486
0.484
0.51
0.512
0.511
0.501
0.523
0.485
0.52
0.507
0.482
0.524
0.512
0.499
0.518
0.505
0.496
0.496
0.498
0.484
0.492
0.524
0.494
0.501
0.498
0.504
0.497
0.468
0.505
0.485
0.479
0.5
0.49
0.5
0.507
0.542
0.483
0.52
0.503
0.499
0.497
0.517
0.5
0.5
0.493
0.508
0.493
0.494
0.494
0.513
0.488
0.484
0.508
0.515
0.506
0.518
0.508
0.498
0.476
0.507
0.48
0.501
0.482
0.499
0.487
0.493
0.524
0.519
0.526
0.522
0.497
0.493
0.501
0.524
0.488
0.497
0.482
0.471
0.492
0.478
0.496
0.49
0.497
0.482
0.488
0.51
0.523
0.494
0.497
0.504
0.505
0.515
0.506
0.514
0.508
0.492
0.517
0.49
0.51
0.488
0.509
0.488
0.516
0.493
0.482
0.487
0.489
0.515
0.487
0.499
0.48
0.497
0.51
0.483
0.514
0.502
0.486
0.502
0.508
0.503
0.498
0.493
0.513
0.51
0.523
0.492
0.501
0.454
0.492
0.498
0.502
0.486
0.493
0.486
0.502
0.499
0.501
0.505
0.494
0.513
0.499
0.502
0.497
0.513
0.484
0.506
0.498
0.48
0.491
0.513
0.509
0.503
0.51
0.518
0.499
0.525
0.51
0.488
0.498
0.506
0.476
0.538
0.506
0.496
0.515
0.527
0.502
0.516
0.495
0.492
0.516
0.528
0.493
0.516
0.484
0.486
0.484
0.511
0.511
0.503
0.517
0.498
0.486
0.492
0.511
0.514
0.509
0.506
0.53
0.511
0.477
0.507
0.505
0.493
0.524
0.515
0.48
0.503
0.488
0.517
0.524
0.521
0.505
0.534
0.491
0.512
0.497
0.491
0.495
0.506
0.505
0.509
0.506
0.502
0.502
0.529
0.505
0.493
0.506
0.51
0.514
0.478
0.479
0.495
0.519
0.494
0.506
0.479
0.498
0.507
0.516
0.481
0.468
0.514
0.509
0.485
0.497
0.531
0.505
0.476
0.519
0.493
0.498
0.507
0.479
0.502
0.499
0.488
0.497
0.546
0.489
0.531
0.526
0.501
0.476
0.518
0.491
0.501
0.509
0.502
0.508
0.501
0.466
0.49
0.491
0.515
0.524
0.492
0.505
0.506
0.532
0.506
0.481
0.511
0.46
0.506
0.503
0.507
0.478
0.52
0.502
0.482
0.482
0.499
0.493
0.525
0.54
0.509
0.514
0.526
0.485
0.487
0.493
0.521
0.479
0.499
0.482
0.52
0.501
0.487
0.515
0.51
0.522
0.499
0.518
0.499
0.525
0.518
0.512
0.508
0.502
0.517
0.507
0.505
0.504
0.498
0.504
0.513
0.498
0.48
0.493
0.523
0.508
0.515
0.499
0.5
0.497
0.494
0.505
0.505
0.522
0.5
0.516
0.509
0.519
0.499
0.496
0.508
0.511
0.465
0.493
0.516
0.5
0.485
0.513
0.517
0.543
0.522
0.491
0.496
0.487
0.513
0.519
0.484
0.495
0.5
0.496
0.502
0.493
0.498
0.497
0.516
0.504
0.493
0.473
0.51
0.517
0.487
0.519
0.495
0.501
0.509
0.515
0.511
0.467
0.488
0.489
0.491
0.494
0.472
0.488
0.497
0.501
0.499
0.518
0.536
0.506
0.475
0.468
0.511
0.469
0.489
0.51
0.53
0.503
0.497
0.495
0.492
0.505
0.51
0.497
0.486
0.491
0.503
0.505
0.505
0.489
0.517
0.49
0.497
0.506
0.486
0.495
0.509
0.506
0.508
0.514
0.491
0.513
0.48
0.506
0.517
0.492
0.5
0.534
0.516
0.503
0.47
0.509
0.517
0.525
0.482
0.497
0.487
0.506
0.483
0.499
0.525
0.521
0.512
0.48
0.497
0.508
0.499
0.51
0.488
0.486
0.496
0.503
0.487
0.523
0.499
0.489
0.499
0.517
0.49
0.477
0.488
0.492
0.475
0.499
0.504
0.496
0.483
0.522
0.49
0.489
0.499
0.522
0.5
0.53
0.498
0.494
0.5
0.481
0.498
0.507
0.481
0.533
0.469
0.488
0.514
0.515
0.515
0.514
0.521
0.494
0.515
0.525
0.508
0.509
0.52
0.509
0.494
0.501
0.5
0.459
0.473
0.499
0.527
0.49
0.528
0.515
0.5
0.524
0.501
0.523
0.529
0.468
0.491
0.5
0.498
0.464
0.485
0.492
0.506
0.494
0.492
0.487
0.527
0.481
0.478
0.479
0.504
0.503
0.521
0.528
0.52
0.486
0.497
0.498
0.508
0.51
0.505
0.484
0.486
0.493
0.527
0.476
