0.583
0.614
0.615
0.609
0.577
0.59
0.611
0.604
0.607
0.594
0.61
0.597
0.601
0.609
0.596
0.574
0.611
0.612
0.592
0.604
0.581
0.633
0.589
0.624
0.59
0.558
0.568
0.606
0.584
0.603
0.606
0.611
0.614
0.602
0.613
0.603
0.586
0.585
0.599
0.625
0.604
0.599
0.6
0.593
0.604
0.594
0.582
0.623
0.599
0.587
0.601
0.602
0.612
0.588
0.615
0.612
0.614
0.587
0.576
0.607
0.622
0.579
0.59
0.595
0.584
0.607
0.623
0.596
0.616
0.63
0.575
0.602
0.572
0.58
0.617
0.582
0.595
0.596
0.6
0.625
0.597
0.602
0.603
0.626
0.591
0.591
0.6
0.593
0.617
0.596
0.589
0.598
0.598
0.592
0.597
0.6
0.631
0.601
0.588
0.583
0.619
0.609
0.585
0.616
0.613
0.585
0.624
0.631
0.586
0.608
0.605
0.603
0.602
0.591
0.609
0.609
0.591
0.594
0.604
0.562
0.587
0.604
0.62
0.624
0.584
0.585
0.6
0.589
0.583
0.589
0.615
0.589
0.621
0.613
0.627
0.612
0.59
0.576
0.613
0.584
0.619
0.621
0.59
0.624
0.599
0.591
0.6
0.602
0.613
0.579
0.607
0.575
0.6
0.609
0.592
0.585
0.616
0.593
0.618
0.606
0.605
0.61
0.574
0.643
0.594
0.616
0.612
0.574
0.58
0.63
0.586
0.606
0.59
0.598
0.602
0.602
0.615
0.615
0.583
0.603
0.589
0.593
0.611
0.615
0.595
0.602
0.575
0.604
0.612
0.574
0.58
0.624
0.602
0.595
0.581
0.598
0.615
0.615
0.604
0.599
0.575
0.602
0.586
0.58
0.58
0.605
0.623
0.601
0.607
0.592
0.606
0.617
0.589
0.593
0.616
0.605
0.577
0.58
0.609
0.621
0.602
0.604
0.582
0.608
0.612
0.619
0.61
0.627
0.601
0.594
0.599
0.595
0.606
0.604
0.605
0.63
0.587
0.611
0.585
0.615
0.593
0.581
0.578
0.603
0.617
0.585
0.579
0.598
0.601
0.6
0.603
0.579
0.598
0.57
0.581
0.591
0.599
0.611
0.601
0.618
0.599
0.603
0.582
0.597
0.619
0.593
0.606
0.563
0.608
0.595
0.592
0.57
0.595
0.597
0.557
0.608
0.578
0.573
0.593
0.574
0.603
0.587
0.599
0.604
0.593
0.611
0.608
0.606
0.561
0.586
0.598
0.605
0.605
0.611
0.584
0.639
0.612
0.6
0.566
0.594
0.591
0.613
0.626
0.616
0.564
0.611
0.613
0.614
0.607
0.623
0.629
0.617
0.581
0.608
0.591
0.625
0.6
0.611
0.606
0.625
0.603
0.603
0.576
0.582
0.611
0.581
0.605
0.58
0.596
0.593
0.603
0.604
0.61
0.578
0.611
0.618
0.588
0.603
0.567
0.607
0.589
0.614
0.602
0.589
0.609
0.626
0.61
0.592
0.603
0.608
0.583
0.579
0.619
0.628
0.61
0.574
0.597
0.62
0.612
0.62
0.619
0.59
0.621
0.593
0.605
0.604
0.62
0.584
0.618
0.6
0.616
0.613
0.607
0.586
0.592
0.604
0.618
0.627
0.595
0.604
0.592
0.579
0.6
0.604
0.606
0.609
0.579
0.643
0.6
0.592
0.597
0.616
0.612
0.611
0.608
0.585
0.568
0.575
0.625
0.591
0.605
0.602
0.603
0.613
0.595
0.605
0.569
0.574
0.588
0.583
0.59
0.582
0.601
0.596
0.587
0.613
0.594
0.607
0.603
0.602
0.616
0.603
0.609
0.603
0.612
0.623
0.626
0.605
0.591
0.605
0.588
0.582
0.62
0.61
0.57
0.585
0.608
0.61
0.6
0.647
0.586
0.609
0.584
0.59
0.613
0.593
0.578
0.615
0.61
0.613
0.59
0.612
0.61
0.599
0.628
0.624
0.576
0.6
0.602
0.612
0.629
0.607
0.611
0.6
0.61
0.607
0.613
0.589
0.633
0.627
0.608
0.584
0.607
0.582
0.591
0.599
0.624
0.583
0.601
0.618
0.603
0.606
0.601
0.624
0.581
0.594
0.596
0.604
0.604
0.598
0.59
0.595
0.593
0.602
0.588
0.622
0.573
0.603
0.596
0.576
0.584
0.6
0.617
0.589
0.608
0.602
0.613
0.6
0.582
0.618
0.594
0.6
0.609
0.601
0.58
0.579
0.57
0.631
0.593
0.611
0.596
0.596
0.602
0.609
0.605
0.6
0.602
0.625
0.605
0.619
0.604
0.584
0.592
0.603
0.599
0.578
0.6
0.606
0.625
0.592
0.592
0.589
0.589
0.567
0.594
0.584
0.607
0.582
0.616
0.581
0.611
0.621
0.625
0.609
0.578
0.603
0.618
0.624
0.596
0.593
0.616
0.625
0.598
0.557
0.598
0.566
0.62
0.603
0.615
0.592
0.638
0.608
0.606
0.613
0.616
0.587
0.604
0.611
0.611
0.587
0.6
0.602
0.588
0.615
0.626
0.57
0.586
0.614
0.588
0.585
0.597
0.604
0.617
0.605
0.601
0.592
0.599
0.621
0.587
0.612
0.622
0.62
0.599
0.621
0.583
0.603
0.599
0.593
0.611
0.587
0.581
0.608
0.61
0.612
0.597
0.635
0.603
0.613
0.603
0.607
0.608
0.594
0.599
0.586
0.598
0.589
0.616
0.606
0.573
0.605
0.589
0.59
0.584
0.593
0.579
0.604
0.586
0.609
0.62
0.607
0.584
0.596
0.6
0.577
0.609
0.588
0.584
0.596
0.591
0.627
0.589
0.605
0.597
0.61
0.59
0.602
0.582
0.605
0.581
0.592
0.582
0.616
0.611
0.6
0.622
0.578
0.579
0.592
0.603
0.616
0.592
0.593
0.61
0.638
0.564
0.577
0.601
0.609
0.593
0.618
0.61
0.587
0.626
0.631
0.61
0.593
0.567
0.582
0.575
0.581
0.579
0.631
0.616
0.602
0.595
0.575
0.617
0.613
0.571
0.601
0.617
0.585
0.585
0.614
0.622
0.593
0.606
0.609
0.589
0.619
0.607
0.593
0.59
0.606
0.605
0.604
0.597
0.612
0.617
0.614
0.608
0.58
0.62
0.582
0.611
0.596
0.593
0.594
0.606
0.578
0.567
0.604
0.612
0.61
0.599
0.627
0.634
0.607
0.617
0.576
0.585
0.589
0.604
0.609
0.578
0.594
0.572
0.576
0.591
0.607
0.595
0.593
0.589
0.636
0.622
0.625
0.58
0.585
0.592
0.616
0.621
0.603
0.579
0.606
0.618
0.612
0.608
0.601
0.592
0.607
0.612
0.6
0.604
0.586
0.58
0.614
0.621
0.62
0.612
0.633
0.585
0.593
0.613
0.579
0.58
0.618
0.591
0.583
0.549
0.61
0.615
0.58
0.632
0.618
0.614
0.591
0.588
0.594
0.628
0.641
0.609
0.606
0.605
0.611
0.616
0.566
0.613
0.608
0.594
0.616
0.581
0.618
0.6
0.609
0.585
0.609
0.6
0.588
0.628
0.587
0.599
0.592
0.591
0.585
0.588
0.57
0.602
0.605
0.636
0.594
0.588
0.599
0.592
0.602
0.585
0.592
0.588
0.602
0.6
0.648
0.6
0.609
0.607
0.592
0.6
0.595
0.572
0.612
0.608
0.59
0.601
0.618
0.617
0.593
0.618
0.603
0.622
0.584
0.608
0.595
0.598
0.631
0.605
0.598
0.613
0.586
0.624
0.618
0.583
0.605
0.61
0.604
0.594
0.571
0.579
0.611
0.612
0.598
0.587
0.615
0.632
0.626
0.59
0.58
0.583
0.64
0.599
0.592
0.595
0.606
0.62
0.623
0.61
0.599
0.574
0.587
0.6
0.596
0.618
0.589
0.601
0.573
0.556
0.624
0.577
0.599
0.619
0.577
0.592
0.586
0.566
0.583
0.615
0.612
0.605
0.606
0.625
0.596
0.625
0.631
0.61
0.601
0.601
0.608
0.609
0.581
0.597
0.563
0.599
0.597
0.61
0.595
0.594
0.58
0.59
0.592
0.618
0.608
0.622
0.586
0.623
0.649
0.593
0.598
0.627
0.605
0.606
0.577
0.598
0.587
0.604
0.606
0.611
0.598
0.563
0.597
0.6
0.598
0.596
0.626
0.608
0.597
0.583
0.61
0.582
0.579
0.594
0.604
0.586
0.619
0.589
0.61
0.622
0.609
0.615
0.574
0.598
0.621
0.564
0.612
0.597
0.6
0.58
0.615
0.584
0.605
0.628
0.608
0.618
0.611
0.563
0.64
0.596
0.598
0.608
0.598
0.602
0.61
0.629
0.607
